4894 8.0
2705 48.0
22494 9.0
5603 8.0
2007 245.0
21025 43.0
12083 43.0
2928 31.0
7698 19.0
2224 183.0
1066 3.0
18681 1.0
6155 1.0
2105 23.0
1996 566.0
2616 17.0
1012 686.0
1045 504.0
2074 127.0
2109 45.0
2206 36.0
20231 20.0
1004 94.0
8318 24.0
1025 118.0
3972 29.0
14181 54.0
1013 254.0
5147 2.0
2006 332.0
1999 458.0
2019 169.0
3277 14.0
6412 4.0
2129 404.0
2079 221.0
12870 24.0
2026 184.0
9130 65.0
4070 82.0
1029 593.0
2013 255.0
2182 85.0
1024 379.0
2175 83.0
8299 106.0
7479 69.0
4012 183.0
2393 38.0
1035 43.0
11562 122.0
1000 197.0
12040 5.0
1998 469.0
3582 17.0
8128 10.0
2115 283.0
2097 193.0
2022 209.0
26709 8.0
6593 19.0
21967 3.0
2005 379.0
2048 29.0
3134 3.0
1010 546.0
2065 229.0
2017 499.0
2025 182.0
2151 118.0
2126 134.0
2076 5.0
2008 349.0
2558 4.0
2003 437.0
8642 8.0
17159 7.0
2000 581.0
21466 3.0
1037 559.0
13164 1.0
21297 1.0
13241 1.0
2278 19.0
2009 428.0
2196 13.0
2412 9.0
6337 18.0
5630 4.0
2702 2.0
2086 11.0
2101 11.0
3696 10.0
2059 160.0
2145 43.0
2045 222.0
1005 374.0
1040 34.0
22505 1.0
4620 5.0
2609 44.0
2077 20.0
20624 9.0
3070 11.0
2941 14.0
2106 19.0
2197 16.0
2733 4.0
26785 2.0
9623 3.0
10286 1.0
2100 19.0
2083 33.0
25761 2.0
1016 30.0
3524 8.0
2064 447.0
3495 26.0
2012 122.0
2228 31.0
2153 31.0
2052 69.0
2066 114.0
2057 32.0
2202 16.0
2729 3.0
1997 404.0
2023 309.0
2562 42.0
2568 2.0
2583 24.0
10509 1.0
2030 232.0
12850 12.0
4180 21.0
2592 24.0
2031 184.0
2794 27.0
1055 223.0
3357 12.0
2011 143.0
7858 63.0
5009 4.0
2036 118.0
9927 17.0
3720 4.0
14669 1.0
2832 14.0
3602 48.0
17441 2.0
2069 96.0
3084 12.0
8184 4.0
20165 1.0
28577 1.0
2320 24.0
8833 27.0
2378 29.0
2061 136.0
2024 173.0
2531 12.0
1003 26.0
2469 25.0
2215 111.0
5724 53.0
2089 47.0
2321 8.0
2420 8.0
3294 9.0
5587 97.0
2047 91.0
6782 8.0
8224 273.0
9986 84.0
2015 262.0
2157 67.0
2085 70.0
2825 41.0
2062 93.0
14916 5.0
14074 4.0
5839 1.0
3924 8.0
2021 196.0
19933 6.0
2068 69.0
2674 13.0
3791 8.0
2742 47.0
2071 58.0
2806 12.0
3642 54.0
2004 224.0
4299 7.0
17739 11.0
2028 127.0
20346 9.0
10549 1.0
10651 21.0
5825 8.0
1001 38.0
4989 3.0
3327 24.0
2468 8.0
7276 57.0
2242 42.0
2842 20.0
6611 13.0
2128 69.0
2589 32.0
5423 2.0
2483 6.0
13433 4.0
7076 8.0
2041 77.0
3685 17.0
3443 107.0
2219 39.0
2187 28.0
16360 11.0
3126 7.0
20688 1.0
4493 8.0
12482 3.0
5178 4.0
2478 84.0
2765 15.0
2179 46.0
4942 38.0
3775 8.0
9286 7.0
16263 5.0
4760 6.0
2127 18.0
3728 10.0
2001 52.0
10086 36.0
20116 11.0
1006 278.0
21030 32.0
2102 65.0
1007 279.0
16129 42.0
3120 40.0
6254 49.0
2165 6.0
2070 77.0
2147 72.0
2354 3.0
2465 5.0
1041 69.0
1043 34.0
8487 3.0
1027 87.0
2338 34.0
10709 1.0
15333 1.0
3367 4.0
1063 32.0
15489 9.0
1011 311.0
27072 3.0
1065 32.0
2038 110.0
2625 9.0
21718 1.0
10673 2.0
2037 54.0
4289 43.0
6932 2.0
2214 19.0
2310 57.0
2657 1.0
3971 7.0
3246 14.0
24665 5.0
10450 2.0
5331 36.0
20423 2.0
1009 78.0
4473 27.0
7661 17.0
4606 11.0
26066 2.0
2291 15.0
12685 3.0
15200 2.0
2795 17.0
8417 15.0
3931 76.0
7718 7.0
2034 59.0
8605 1.0
2204 70.0
2707 32.0
2235 3.0
2232 15.0
5491 20.0
2323 65.0
2174 21.0
3216 2.0
3243 18.0
4030 6.0
2130 43.0
2295 24.0
3522 9.0
4617 6.0
5301 6.0
2836 1.0
2525 19.0
21318 16.0
2515 60.0
17409 5.0
2763 21.0
4728 8.0
17928 9.0
2434 25.0
3444 38.0
2113 31.0
2055 68.0
6195 1.0
2035 187.0
3793 78.0
2383 12.0
3671 6.0
2119 23.0
5903 1.0
3154 14.0
3436 16.0
6462 40.0
3504 18.0
1056 205.0
1060 23.0
6366 25.0
3479 7.0
3849 24.0
3573 10.0
2839 4.0
6327 3.0
4773 106.0
2326 21.0
2965 4.0
4372 19.0
24669 4.0
3229 52.0
1529 7.0
21894 1.0
7615 6.0
3782 1.0
9587 9.0
11624 2.0
5498 1.0
2682 23.0
2040 51.0
3855 14.0
20917 187.0
4014 187.0
7929 10.0
3603 4.0
3722 37.0
6100 53.0
19351 47.0
2046 71.0
5653 75.0
29536 3.0
11733 5.0
999 65.0
3071 8.0
2458 4.0
18546 39.0
10381 3.0
21716 2.0
5007 2.0
2573 58.0
2986 6.0
5454 30.0
22459 1.0
5783 5.0
7742 2.0
3288 8.0
2039 127.0
10236 3.0
2170 21.0
2783 19.0
2544 23.0
3640 13.0
23881 4.0
14054 5.0
3769 28.0
2053 83.0
3128 6.0
2593 19.0
2773 16.0
2060 86.0
3559 24.0
6753 25.0
17202 4.0
3332 16.0
16500 23.0
16602 42.0
7714 11.0
2828 29.0
22028 55.0
2342 49.0
7047 25.0
23616 2.0
2098 28.0
15660 1.0
9703 3.0
2345 6.0
6025 1.0
2543 28.0
14876 28.0
2595 50.0
4957 76.0
3526 12.0
20861 31.0
3215 43.0
2178 49.0
12324 19.0
24388 10.0
2063 56.0
3544 16.0
3853 24.0
2862 100.0
11082 13.0
4431 7.0
8654 3.0
2747 24.0
9260 13.0
4139 6.0
5300 9.0
25814 1.0
4607 28.0
3145 29.0
2846 9.0
4155 10.0
2073 46.0
2863 7.0
8745 2.0
4100 1.0
25778 3.0
2239 14.0
2612 17.0
3584 10.0
9918 1.0
5675 5.0
5164 14.0
2029 110.0
3643 8.0
24471 56.0
2140 84.0
5052 2.0
4442 3.0
11887 3.0
2135 13.0
2164 16.0
7123 16.0
2171 53.0
12398 22.0
9544 3.0
2445 6.0
7817 2.0
20464 14.0
9232 1.0
16614 5.0
6523 2.0
5925 3.0
2094 47.0
12521 4.0
2509 25.0
7875 1.0
19797 5.0
2487 29.0
17350 7.0
27723 1.0
2692 19.0
17961 1.0
4539 3.0
9059 12.0
10964 3.0
29491 1.0
3397 4.0
2344 13.0
2042 40.0
13972 3.0
18843 1.0
4815 2.0
2951 51.0
2222 39.0
2131 117.0
7561 7.0
25416 7.0
7303 3.0
2516 14.0
2607 14.0
3503 3.0
16381 8.0
4526 13.0
2404 27.0
2117 17.0
16523 6.0
2475 25.0
2361 26.0
2549 20.0
20267 2.0
1047 11.0
15472 5.0
22907 6.0
28418 2.0
2497 26.0
6913 6.0
5525 5.0
2367 28.0
12530 10.0
2334 13.0
2605 1.0
9398 4.0
5672 18.0
16844 1.0
3964 5.0
4520 8.0
2524 8.0
5787 7.0
2753 5.0
2892 4.0
2566 28.0
8697 9.0
14816 3.0
2946 22.0
6537 1.0
1044 12.0
29017 1.0
20996 1.0
17875 1.0
2574 8.0
3115 9.0
20362 4.0
2490 24.0
6213 4.0
5553 4.0
10722 4.0
6494 3.0
2972 12.0
8595 1.0
20660 1.0
2078 11.0
1042 20.0
10139 3.0
2306 39.0
9339 1.0
8278 18.0
3432 17.0
4060 8.0
21118 10.0
7235 2.0
7513 15.0
24970 11.0
19274 18.0
9375 3.0
28789 1.0
2878 6.0
5930 11.0
7258 1.0
1038 11.0
4385 31.0
4175 4.0
10128 2.0
20389 4.0
4017 3.0
2818 6.0
24964 1.0
23344 1.0
3672 9.0
2330 69.0
5896 44.0
5906 27.0
14546 13.0
3073 12.0
2302 59.0
14148 4.0
2236 4.0
2801 10.0
6556 2.0
2850 6.0
2696 9.0
10710 1.0
3240 2.0
13075 17.0
7020 9.0
9397 7.0
3762 18.0
3593 18.0
10175 9.0
15808 6.0
2709 12.0
7680 3.0
18442 29.0
2424 89.0
2480 10.0
12653 4.0
2578 10.0
8476 3.0
2377 34.0
3835 18.0
2507 26.0
16934 3.0
4183 5.0
3046 75.0
8346 5.0
3298 51.0
9167 56.0
2144 26.0
6377 1.0
2353 10.0
2283 8.0
4646 16.0
2092 47.0
1049 33.0
9722 6.0
2360 17.0
20273 2.0
3437 55.0
15980 3.0
6625 4.0
2210 27.0
4897 3.0
3921 3.0
24419 1.0
2391 21.0
6764 69.0
4877 4.0
10463 10.0
9279 3.0
2087 27.0
7201 10.0
6971 16.0
7782 6.0
2104 30.0
4179 9.0
17034 2.0
10826 3.0
2298 36.0
2173 19.0
4102 2.0
11243 1.0
5371 74.0
9611 5.0
2437 9.0
2200 35.0
2714 31.0
3257 3.0
16401 2.0
2121 40.0
3527 8.0
6169 5.0
26876 2.0
3105 4.0
12823 1.0
7251 12.0
19408 1.0
4871 10.0
3499 22.0
4207 13.0
2579 4.0
7341 18.0
3475 17.0
3391 1.0
3697 6.0
3668 1.0
2075 77.0
19622 65.0
3621 7.0
5335 4.0
8304 1.0
9292 2.0
23237 1.0
2673 6.0
3787 4.0
11382 1.0
2241 21.0
2701 124.0
10468 5.0
2502 6.0
3119 1.0
3595 2.0
3087 19.0
2448 17.0
9467 1.0
10047 27.0
2080 17.0
2122 30.0
18726 34.0
8349 1.0
9262 16.0
22483 15.0
3015 9.0
19647 2.0
7687 3.0
10408 4.0
11968 3.0
8043 2.0
2043 121.0
2234 9.0
3041 3.0
2095 9.0
2020 11.0
9877 1.0
19896 3.0
10610 1.0
2158 3.0
11528 1.0
2072 15.0
2002 25.0
2790 2.0
3030 3.0
15452 1.0
11186 7.0
2058 35.0
2261 13.0
2018 30.0
2596 1.0
2521 17.0
2488 15.0
2084 52.0
2500 17.0
2253 6.0
2116 27.0
3392 2.0
2190 32.0
7427 2.0
19421 2.0
3816 1.0
2107 28.0
3565 7.0
13543 1.0
7741 2.0
2734 13.0
9657 1.0
2800 44.0
2556 3.0
8272 2.0
1048 10.0
7382 1.0
2499 12.0
5815 16.0
2590 14.0
5310 59.0
2838 26.0
4346 2.0
2738 12.0
7494 12.0
14108 2.0
7218 3.0
21168 1.0
6592 10.0
2309 15.0
12138 2.0
2622 20.0
4699 7.0
9797 2.0
20880 4.0
2560 15.0
2125 25.0
2536 12.0
3737 4.0
3497 9.0
2551 9.0
2168 26.0
8704 1.0
8161 2.0
4241 3.0
21557 1.0
3947 4.0
3343 3.0
4325 2.0
2163 3.0
2405 2.0
3568 7.0
3085 18.0
11303 2.0
8209 5.0
2169 36.0
9596 1.0
5450 2.0
2442 14.0
3929 7.0
8360 3.0
1517 9.0
1523 25.0
5082 1.0
1524 25.0
3674 36.0
3161 5.0
5198 23.0
2359 12.0
5760 3.0
6942 4.0
2123 64.0
2876 5.0
2205 19.0
3167 22.0
5084 3.0
10906 33.0
9677 1.0
3278 1.0
3037 1.0
8816 68.0
4007 12.0
3645 26.0
6097 14.0
2617 8.0
11603 9.0
3274 35.0
26351 22.0
2441 6.0
6413 6.0
5361 4.0
2565 7.0
8250 17.0
5860 5.0
19771 4.0
5017 5.0
10262 3.0
2995 6.0
4941 2.0
2108 16.0
19236 4.0
3613 9.0
16261 1.0
7199 5.0
4248 8.0
2091 40.0
11210 2.0
14057 6.0
4525 5.0
3201 1.0
7969 1.0
12403 12.0
6129 1.0
11630 11.0
3168 2.0
3180 8.0
16755 8.0
3305 3.0
2364 7.0
5227 14.0
2054 129.0
6575 21.0
23713 46.0
23591 8.0
9585 8.0
7473 12.0
14931 15.0
12190 15.0
5670 10.0
1058 18.0
3094 10.0
100 3.0
29098 29.0
18209 10.0
7719 1.0
11851 2.0
2980 8.0
14839 11.0
9530 20.0
8873 15.0
27390 5.0
12528 11.0
6277 11.0
5810 14.0
7078 2.0
2293 5.0
2275 73.0
21862 2.0
7441 1.0
12267 1.0
6799 7.0
16770 65.0
5644 8.0
5831 11.0
4571 6.0
8917 18.0
2149 17.0
7577 7.0
2758 15.0
4809 3.0
3160 31.0
2627 20.0
2748 9.0
4283 8.0
10193 1.0
9335 2.0
3736 10.0
7302 1.0
9019 8.0
2460 15.0
12690 8.0
1030 33.0
6755 1.0
4447 1.0
3291 14.0
15170 1.0
4066 12.0
2711 24.0
2467 17.0
5536 1.0
9808 5.0
5806 1.0
10954 4.0
8667 2.0
14593 1.0
12970 1.0
27983 5.0
1052 15.0
19707 1.0
2618 9.0
1064 11.0
9818 4.0
7361 2.0
7188 5.0
3649 14.0
13366 1.0
2953 7.0
18900 2.0
3064 11.0
21628 20.0
17637 7.0
3013 2.0
2678 51.0
7177 1.0
3800 7.0
5658 16.0
17258 3.0
8780 2.0
25629 1.0
11072 3.0
16001 2.0
4842 7.0
1015 48.0
7564 1.0
3850 3.0
2193 23.0
15536 7.0
28682 2.0
2498 4.0
7968 1.0
4274 11.0
10566 6.0
4033 12.0
14084 7.0
2428 29.0
6179 19.0
10665 21.0
7485 12.0
2532 4.0
29325 1.0
2240 24.0
8048 2.0
2870 10.0
18801 6.0
6994 31.0
21469 4.0
6742 5.0
2333 6.0
1054 6.0
2290 22.0
3422 8.0
24209 1.0
5602 1.0
20744 3.0
6131 4.0
24314 1.0
2049 28.0
13109 7.0
2615 25.0
2788 11.0
2203 28.0
2044 49.0
1062 8.0
19929 2.0
16223 4.0
2050 17.0
18827 6.0
9382 1.0
3569 9.0
19998 2.0
2663 4.0
3713 1.0
26219 2.0
12384 3.0
11066 14.0
23378 5.0
5956 10.0
6876 24.0
13710 1.0
17267 1.0
22857 1.0
9308 2.0
9863 17.0
3366 5.0
3957 10.0
13354 15.0
3263 5.0
4573 23.0
2571 8.0
2865 9.0
10273 3.0
9463 2.0
3208 5.0
2518 18.0
4800 8.0
16416 15.0
5732 10.0
3995 10.0
7057 10.0
1053 20.0
5746 5.0
9199 1.0
5460 3.0
3248 3.0
4627 6.0
2156 93.0
3570 6.0
3347 30.0
12696 16.0
12659 1.0
26828 27.0
2426 4.0
2811 13.0
2581 16.0
6123 4.0
12183 30.0
2613 13.0
13068 7.0
4037 20.0
2759 3.0
7248 3.0
6976 1.0
14409 7.0
2823 8.0
15703 3.0
2926 11.0
2411 8.0
9120 1.0
3058 19.0
6767 4.0
18498 2.0
6618 4.0
3828 40.0
2664 5.0
9625 3.0
2027 76.0
5552 11.0
5741 1.0
22149 7.0
2185 7.0
4659 1.0
3733 22.0
6974 2.0
24944 2.0
5299 4.0
7570 2.0
5092 1.0
3597 4.0
7685 2.0
5942 5.0
8911 1.0
2916 5.0
8192 3.0
3182 5.0
6845 5.0
4888 2.0
15899 4.0
24540 1.0
15888 1.0
2099 35.0
12038 3.0
19115 1.0
4026 7.0
11347 8.0
2096 35.0
11847 1.0
2051 69.0
5440 10.0
17576 3.0
3610 1.0
3935 10.0
2843 19.0
11744 5.0
12203 1.0
12155 1.0
2489 38.0
3471 5.0
11598 1.0
21956 6.0
8202 9.0
3020 4.0
18853 2.0
19422 2.0
4689 3.0
12476 4.0
2033 63.0
2138 23.0
10751 2.0
5813 3.0
2453 45.0
2739 5.0
7584 8.0
2920 5.0
6989 2.0
4168 13.0
7915 1.0
28251 2.0
4089 12.0
9909 8.0
8753 1.0
22956 9.0
11901 2.0
10712 1.0
22380 1.0
6819 4.0
18037 1.0
4107 5.0
13910 1.0
20704 1.0
1017 35.0
21600 2.0
3784 44.0
16620 2.0
5884 8.0
9099 4.0
16044 2.0
2974 1.0
19884 3.0
5514 3.0
3279 1.0
5171 1.0
23564 4.0
2213 26.0
9057 1.0
3528 1.0
20075 1.0
9777 1.0
8694 1.0
16313 1.0
2288 20.0
1022 7.0
3232 11.0
3283 5.0
3492 19.0
4658 4.0
4661 2.0
10973 1.0
3042 4.0
6998 17.0
3113 1.0
5510 2.0
3489 3.0
2307 18.0
4132 4.0
2871 2.0
2312 14.0
13795 1.0
7167 10.0
4697 13.0
1521 22.0
3435 3.0
5023 5.0
4769 41.0
2132 4.0
2897 6.0
3482 35.0
3295 19.0
3796 8.0
2067 56.0
14903 5.0
18750 11.0
3442 4.0
3081 31.0
26794 1.0
24702 1.0
16278 1.0
8167 2.0
8029 6.0
17643 3.0
13273 1.0
20490 1.0
2180 23.0
7917 1.0
20655 15.0
23658 2.0
1585 4.0
7375 4.0
2809 1.0
28935 1.0
5562 5.0
3490 9.0
13876 5.0
6608 1.0
4339 6.0
2181 5.0
2653 23.0
4530 52.0
2917 17.0
3746 18.0
6120 3.0
3550 4.0
8312 1.0
15455 7.0
3745 40.0
29519 4.0
6268 1.0
2898 1.0
4730 22.0
1039 18.0
18690 2.0
11320 1.0
1051 7.0
28727 1.0
25718 11.0
10090 3.0
5679 2.0
22975 1.0
5478 9.0
4638 39.0
13102 7.0
2757 3.0
5314 1.0
6112 4.0
1023 7.0
8909 15.0
2191 46.0
4249 3.0
9991 8.0
3863 4.0
8744 6.0
2492 16.0
7099 3.0
17546 2.0
17180 2.0
5676 7.0
4152 11.0
2292 16.0
14686 5.0
25141 4.0
3114 11.0
18536 1.0
24731 7.0
8428 2.0
6669 6.0
6781 3.0
3616 4.0
3858 2.0
8597 1.0
4895 41.0
2229 18.0
2718 17.0
11548 5.0
8305 1.0
4320 2.0
2134 10.0
6279 10.0
10514 2.0
12944 8.0
4900 3.0
2090 19.0
6440 1.0
6434 9.0
6645 2.0
4281 3.0
10151 1.0
22199 1.0
2517 4.0
2444 5.0
6792 1.0
17698 5.0
21128 1.0
3211 4.0
22276 1.0
20330 11.0
3980 5.0
5179 1.0
12376 2.0
10439 37.0
11310 1.0
2443 4.0
13261 2.0
8902 6.0
24198 1.0
2895 5.0
7696 69.0
7801 3.0
9331 23.0
5332 4.0
4371 4.0
10200 28.0
6115 27.0
6134 5.0
8241 8.0
9581 2.0
2348 10.0
3945 145.0
7657 1.0
6197 4.0
3330 3.0
2136 7.0
2318 8.0
4722 1.0
3029 3.0
4056 1.0
7931 1.0
2392 2.0
3688 2.0
4725 6.0
3048 2.0
5097 6.0
2580 27.0
2546 26.0
5927 1.0
3209 2.0
2978 26.0
14028 1.0
3512 4.0
2194 6.0
2987 39.0
6082 10.0
6304 2.0
2681 7.0
3191 23.0
2339 20.0
6904 10.0
4160 12.0
6053 1.0
20668 1.0
4939 1.0
10293 5.0
7396 19.0
8505 7.0
9001 9.0
17680 9.0
3594 13.0
16350 1.0
5136 3.0
10457 5.0
9239 4.0
10373 88.0
29379 1.0
28315 1.0
6503 2.0
9844 4.0
9675 7.0
2247 9.0
29296 1.0
4221 3.0
7809 6.0
4565 1.0
4352 4.0
5833 6.0
13625 6.0
11689 12.0
14101 17.0
5669 4.0
5921 1.0
3112 3.0
2512 20.0
8566 4.0
8737 4.0
20228 1.0
8758 75.0
9699 3.0
4414 1.0
20648 10.0
22073 6.0
4118 14.0
3426 2.0
8073 25.0
13675 4.0
8830 1.0
5324 2.0
4305 6.0
14645 1.0
2620 19.0
19317 1.0
4471 58.0
2715 3.0
18856 3.0
23128 1.0
2918 7.0
21084 4.0
12359 1.0
14449 9.0
27004 1.0
7846 3.0
6622 2.0
1057 7.0
8569 9.0
3372 5.0
2226 8.0
4353 1.0
4637 2.0
25551 12.0
3265 6.0
6140 9.0
3698 6.0
9145 2.0
2855 6.0
2572 18.0
6048 2.0
5851 2.0
2256 6.0
4933 10.0
23663 2.0
4235 1.0
2950 9.0
8068 5.0
6013 7.0
2771 4.0
7021 3.0
7411 1.0
10288 8.0
6442 1.0
3406 6.0
27896 2.0
7246 5.0
7861 16.0
5950 15.0
12453 4.0
3563 29.0
10684 2.0
3599 11.0
2626 11.0
2481 7.0
3062 1.0
11596 22.0
14817 7.0
13938 2.0
4031 4.0
4156 1.0
2732 3.0
19445 1.0
2245 10.0
8757 6.0
16914 5.0
11636 2.0
1046 12.0
3385 4.0
2821 1.0
11487 5.0
26618 10.0
4887 3.0
19204 2.0
1014 27.0
3843 1.0
26830 1.0
18715 1.0
6132 1.0
5799 10.0
2699 16.0
25732 5.0
4780 2.0
4745 2.0
4740 1.0
2139 9.0
3166 6.0
6026 4.0
3711 19.0
2246 4.0
2435 3.0
6656 8.0
3130 6.0
10402 16.0
3591 4.0
20786 6.0
5359 3.0
2930 13.0
9124 7.0
2672 12.0
9471 1.0
11307 46.0
4995 10.0
12599 8.0
7172 9.0
2651 9.0
16913 2.0
28295 1.0
20470 13.0
9050 8.0
12146 6.0
10873 23.0
5173 2.0
28847 2.0
3830 32.0
1008 27.0
6872 6.0
12260 12.0
6864 1.0
2814 37.0
3574 4.0
2585 1.0
2155 6.0
15718 2.0
6415 10.0
5678 1.0
2689 25.0
2421 12.0
8509 2.0
2217 17.0
23032 19.0
15900 6.0
5999 2.0
9005 6.0
2569 19.0
21148 1.0
11450 16.0
11084 2.0
2146 21.0
2553 24.0
29132 1.0
14830 1.0
9436 4.0
7244 1.0
2505 13.0
18251 1.0
4433 7.0
2741 29.0
11669 7.0
11834 22.0
3272 8.0
3325 6.0
3065 8.0
2322 16.0
3043 3.0
2265 49.0
2561 3.0
8081 3.0
6433 5.0
3280 5.0
3189 5.0
17942 1.0
3986 5.0
10181 4.0
3531 8.0
21573 1.0
4484 4.0
4047 3.0
9394 19.0
3932 1.0
2485 11.0
2372 3.0
9268 5.0
6234 2.0
8208 2.0
3866 2.0
3193 41.0
4983 8.0
3223 5.0
2375 4.0
2266 1.0
13995 1.0
4953 2.0
2433 9.0
7591 5.0
3967 25.0
2925 6.0
12067 3.0
8466 6.0
2813 3.0
19451 2.0
2695 25.0
24994 1.0
2683 17.0
10790 3.0
20958 1.0
17134 1.0
6391 1.0
5542 1.0
2351 1.0
7928 9.0
5235 2.0
3464 1.0
2244 1.0
2570 3.0
2325 2.0
2979 2.0
2425 13.0
5083 3.0
2183 21.0
3036 9.0
3989 1.0
2588 4.0
2331 1.0
8419 1.0
8027 1.0
11807 1.0
4654 16.0
6852 1.0
6869 3.0
2767 15.0
4694 1.0
3861 1.0
3104 2.0
6302 7.0
7760 6.0
2477 21.0
17060 5.0
2635 5.0
7189 1.0
3811 4.0
6749 4.0
17539 1.0
8740 6.0
14572 1.0
2591 22.0
14048 2.0
2830 22.0
4512 13.0
2327 33.0
10523 7.0
6721 3.0
10947 3.0
5710 5.0
2691 10.0
7126 8.0
9129 8.0
7170 13.0
6594 4.0
26610 4.0
11135 6.0
6895 10.0
2396 6.0
1031 151.0
1033 151.0
9710 2.0
4427 1.0
3768 1.0
15906 1.0
27260 2.0
25869 2.0
15270 1.0
5216 7.0
27717 1.0
2272 17.0
16820 1.0
22834 4.0
29202 3.0
9859 3.0
2398 2.0
12162 2.0
16024 2.0
15981 1.0
8261 1.0
12391 5.0
2785 9.0
6728 2.0
4919 6.0
13103 1.0
7367 4.0
8732 1.0
11892 1.0
12826 3.0
27852 1.0
2893 8.0
12314 6.0
13106 1.0
18422 2.0
4341 2.0
4171 2.0
2725 9.0
8785 7.0
2706 5.0
7728 1.0
8834 4.0
4284 1.0
18558 14.0
3241 4.0
27448 1.0
3225 9.0
8270 6.0
16992 1.0
19616 3.0
3205 9.0
7953 10.0
4122 1.0
3653 9.0
27605 1.0
3415 11.0
13114 1.0
9388 2.0
1018 23.0
1019 18.0
1020 10.0
19804 1.0
12022 1.0
1021 11.0
21650 1.0
15476 1.0
19802 4.0
2184 15.0
2340 7.0
2260 4.0
13323 1.0
13292 1.0
11703 1.0
3993 1.0
2209 5.0
4669 4.0
11178 2.0
21183 3.0
18804 2.0
13462 1.0
15549 1.0
2559 22.0
4984 2.0
26309 4.0
8646 1.0
6773 1.0
4009 7.0
5059 6.0
4569 3.0
29461 42.0
7174 42.0
2713 1.0
2604 14.0
2192 13.0
3898 12.0
4013 6.0
10247 2.0
4003 25.0
22817 4.0
6160 2.0
2575 14.0
17914 3.0
2629 14.0
12879 6.0
21057 3.0
3676 3.0
8889 7.0
22025 4.0
22042 20.0
7923 8.0
5570 2.0
4873 2.0
14258 3.0
5278 8.0
6945 4.0
6313 5.0
15612 1.0
6987 6.0
2746 1.0
5243 2.0
11057 3.0
14526 4.0
21619 3.0
18139 3.0
14141 4.0
22022 3.0
15136 2.0
22394 3.0
2644 11.0
3654 2.0
20950 6.0
8527 1.0
19864 1.0
15653 2.0
3338 8.0
8154 2.0
4904 2.0
3053 2.0
2438 9.0
2172 20.0
15514 1.0
29464 6.0
21461 1.0
2114 3.0
8163 4.0
26266 3.0
6948 1.0
3091 11.0
5110 3.0
11039 5.0
19968 7.0
1032 10.0
1050 10.0
5329 16.0
1061 5.0
18819 1.0
4487 21.0
25705 1.0
17850 4.0
16476 2.0
5910 4.0
11937 1.0
12069 2.0
2303 9.0
10497 5.0
19339 2.0
2597 9.0
7619 2.0
3675 1.0
5024 2.0
2304 4.0
18717 1.0
2317 3.0
11675 2.0
16746 1.0
9230 2.0
2764 6.0
2270 19.0
12978 2.0
5576 29.0
8285 24.0
17589 1.0
2296 20.0
2847 7.0
3143 7.0
4751 16.0
16558 8.0
5657 6.0
8040 2.0
6824 2.0
2112 16.0
8963 3.0
28394 25.0
5966 1.0
12049 1.0
7944 1.0
8237 11.0
8875 13.0
2503 12.0
2436 14.0
2010 9.0
9610 1.0
3511 1.0
6238 2.0
2220 2.0
5549 4.0
2216 22.0
2514 8.0
8518 9.0
4708 6.0
13587 1.0
4455 1.0
4972 4.0
5186 2.0
11504 5.0
4187 1.0
17125 1.0
2756 1.0
2654 1.0
2655 6.0
5167 13.0
8485 1.0
4486 1.0
10436 1.0
21898 5.0
2667 7.0
4506 6.0
4443 4.0
4322 1.0
2328 11.0
3210 4.0
7300 4.0
2387 5.0
4087 3.0
10281 2.0
2781 7.0
2408 11.0
5373 6.0
10445 10.0
23636 2.0
2875 2.0
21197 3.0
3785 7.0
23068 1.0
2860 7.0
8612 13.0
3331 2.0
21616 1.0
6149 4.0
4165 5.0
4851 4.0
4650 1.0
9181 4.0
4490 2.0
12332 1.0
4474 1.0
7471 2.0
6406 1.0
1036 2.0
3038 3.0
3494 15.0
9223 1.0
3463 47.0
13886 3.0
13385 2.0
2195 12.0
6207 5.0
4589 1.0
18380 1.0
5662 2.0
2198 3.0
4869 1.0
3533 4.0
2177 24.0
2355 2.0
5709 4.0
3754 11.0
3673 1.0
30113 1.0
7507 5.0
5339 4.0
3549 4.0
7265 1.0
9328 1.0
6093 3.0
3961 3.0
7934 1.0
12546 3.0
2754 2.0
4839 2.0
3431 12.0
3749 2.0
8339 1.0
6745 8.0
21358 3.0
4886 3.0
2243 14.0
12889 2.0
7686 2.0
4928 1.0
3308 3.0
4025 10.0
9280 2.0
3872 1.0
4015 1.0
5391 2.0
27115 1.0
15465 1.0
6790 1.0
6472 1.0
6560 1.0
6276 1.0
16616 2.0
4874 3.0
21058 3.0
11837 4.0
10179 2.0
24826 3.0
19620 10.0
24894 4.0
4765 6.0
23684 1.0
8483 1.0
24914 1.0
8449 4.0
11157 4.0
4095 9.0
15558 10.0
10880 1.0
4402 2.0
16930 1.0
11187 5.0
27427 3.0
22254 3.0
23891 1.0
3351 7.0
3857 6.0
3178 3.0
2804 6.0
9495 3.0
4219 2.0
15581 1.0
7961 3.0
13988 4.0
17198 4.0
8462 4.0
5047 13.0
6885 2.0
2315 6.0
11638 2.0
6752 3.0
28120 1.0
3718 8.0
4522 14.0
4667 6.0
6444 22.0
9554 8.0
9749 10.0
2693 27.0
8756 21.0
3942 11.0
5738 5.0
3202 2.0
7905 4.0
14966 4.0
25672 3.0
2335 17.0
5342 14.0
15933 2.0
3491 5.0
5997 3.0
3342 6.0
4604 56.0
3975 9.0
6854 10.0
16457 5.0
7514 16.0
16572 1.0
11139 3.0
2735 6.0
8649 9.0
23012 5.0
11008 2.0
2230 5.0
5641 3.0
4426 11.0
3395 16.0
4558 3.0
5245 9.0
5210 5.0
22104 5.0
9039 3.0
3760 4.0
14044 4.0
2880 6.0
4406 3.0
14964 1.0
21432 1.0
16715 2.0
11639 1.0
18162 1.0
22910 5.0
14305 7.0
20315 1.0
3501 7.0
13687 1.0
3363 1.0
16425 2.0
29107 1.0
21273 1.0
4135 4.0
23212 1.0
22287 1.0
16351 3.0
8519 1.0
22305 5.0
7832 1.0
8051 1.0
4391 1.0
3194 14.0
16657 1.0
3024 9.0
3056 6.0
6133 7.0
5209 3.0
17186 9.0
3953 15.0
24473 4.0
11472 1.0
3408 10.0
23329 2.0
13343 3.0
18015 2.0
4713 1.0
19792 2.0
3286 1.0
18168 1.0
17193 8.0
15545 1.0
21928 2.0
2249 2.0
4076 2.0
5091 1.0
3466 3.0
11829 8.0
11925 1.0
2279 19.0
5328 5.0
24501 2.0
2890 7.0
23576 1.0
3897 2.0
4531 17.0
6635 9.0
14981 1.0
4820 7.0
2486 7.0
21189 9.0
6297 6.0
5403 5.0
3600 8.0
10675 4.0
2056 7.0
4621 3.0
17463 1.0
18537 4.0
6732 2.0
3214 3.0
22540 2.0
27571 4.0
18483 4.0
5530 14.0
9815 1.0
5737 2.0
5436 3.0
29097 1.0
8137 2.0
7270 2.0
12177 1.0
21639 1.0
10024 1.0
2271 5.0
4790 5.0
2081 13.0
7461 4.0
8601 1.0
9217 3.0
2744 3.0
4436 6.0
2761 6.0
20643 3.0
10502 2.0
4593 2.0
5994 1.0
17620 2.0
8563 1.0
9022 7.0
5407 1.0
23227 1.0
11637 1.0
9304 1.0
3313 2.0
15672 1.0
10349 1.0
4937 1.0
9543 2.0
4412 1.0
4384 6.0
21707 1.0
10329 1.0
3255 4.0
3752 1.0
10561 1.0
4671 1.0
12034 1.0
7082 1.0
6293 2.0
3815 7.0
9135 2.0
5281 2.0
22308 2.0
2736 3.0
2624 1.0
25090 1.0
8059 2.0
6541 21.0
20494 1.0
26261 1.0
17071 1.0
28177 3.0
14644 4.0
6290 1.0
2619 43.0
10474 26.0
4209 6.0
5438 11.0
29234 13.0
12667 9.0
5873 3.0
22399 1.0
2797 12.0
2111 53.0
2188 12.0
21572 1.0
26557 1.0
28014 1.0
23899 1.0
3773 4.0
13704 6.0
8005 1.0
21109 2.0
14172 1.0
19488 3.0
2357 5.0
7887 2.0
8080 1.0
8771 2.0
8334 1.0
3051 3.0
5123 3.0
12432 1.0
24434 5.0
28311 2.0
11329 1.0
28154 1.0
6858 1.0
27009 1.0
16086 3.0
5963 3.0
9792 1.0
10253 1.0
20058 1.0
26373 1.0
8545 5.0
8264 1.0
6627 4.0
16584 1.0
5519 1.0
21604 1.0
8159 2.0
2289 1.0
2603 4.0
4205 1.0
27843 1.0
15305 1.0
2263 1.0
2410 3.0
16545 3.0
22269 2.0
22747 3.0
2262 5.0
5718 1.0
5150 3.0
2969 6.0
4354 5.0
6499 3.0
19869 1.0
5267 1.0
15363 12.0
29278 4.0
3934 9.0
7327 2.0
4324 1.0
9219 1.0
4381 1.0
5840 4.0
2440 8.0
18447 4.0
11795 1.0
3370 4.0
2389 8.0
12397 1.0
2852 2.0
4710 1.0
13626 2.0
4081 3.0
15242 1.0
25463 1.0
3075 4.0
3519 1.0
2786 1.0
19841 4.0
14142 3.0
27531 1.0
20842 2.0
8347 1.0
6660 2.0
7180 1.0
8874 2.0
7959 4.0
7775 3.0
10076 1.0
3335 10.0
6631 16.0
9704 4.0
5244 1.0
28271 1.0
3979 4.0
2014 3.0
17540 1.0
6016 10.0
22409 5.0
4608 6.0
10797 8.0
16389 2.0
3622 2.0
24490 9.0
4276 10.0
6034 1.0
3572 2.0
4064 9.0
9108 1.0
4651 5.0
6095 4.0
3965 1.0
2032 6.0
26783 1.0
24732 1.0
3677 9.0
20049 5.0
29469 5.0
5627 4.0
10639 1.0
5462 1.0
9592 2.0
3362 2.0
3125 2.0
5262 1.0
3970 8.0
5996 1.0
3231 10.0
4653 11.0
4023 10.0
2724 7.0
5517 1.0
3724 1.0
3589 1.0
27791 5.0
7831 1.0
7747 1.0
17598 3.0
14176 6.0
3729 2.0
3334 2.0
5432 3.0
3141 3.0
19454 2.0
28775 3.0
22476 5.0
4527 2.0
19059 1.0
5443 5.0
15106 1.0
8011 13.0
3031 2.0
5770 3.0
14785 1.0
4703 5.0
6638 1.0
5372 1.0
15379 1.0
7971 1.0
6419 2.0
14905 4.0
4523 4.0
4434 2.0
4312 6.0
8114 1.0
18570 3.0
7480 7.0
11826 2.0
5919 2.0
8393 5.0
4489 3.0
16463 1.0
3322 1.0
2903 7.0
21345 10.0
23707 2.0
5343 1.0
17359 2.0
16950 1.0
27421 2.0
15042 2.0
1034 8.0
27373 10.0
3275 4.0
7919 4.0
6881 2.0
9164 2.0
6203 1.0
18611 1.0
5937 1.0
2716 1.0
3086 2.0
24632 1.0
5622 1.0
28032 1.0
2016 5.0
24231 1.0
5585 2.0
3641 1.0
4587 6.0
14751 5.0
10085 7.0
9048 1.0
2652 6.0
2539 1.0
3025 7.0
6535 2.0
9089 2.0
18428 1.0
14678 1.0
25215 7.0
12117 7.0
12326 5.0
4310 8.0
4859 1.0
15384 4.0
15826 4.0
3416 2.0
6632 1.0
6321 2.0
9140 5.0
8773 1.0
14704 1.0
18921 1.0
6776 1.0
11808 2.0
2694 2.0
3822 2.0
7013 7.0
6526 3.0
3420 9.0
5638 2.0
11253 3.0
18866 1.0
7605 3.0
2656 5.0
11101 2.0
5004 2.0
3149 5.0
8663 3.0
6528 2.0
18625 1.0
4923 1.0
3632 7.0
14083 1.0
12848 1.0
8787 3.0
7972 3.0
12210 4.0
3424 2.0
23350 1.0
22038 2.0
20348 2.0
4143 2.0
9096 2.0
22203 3.0
25509 1.0
8024 1.0
4783 2.0
8197 2.0
25974 1.0
20724 1.0
17950 2.0
14894 1.0
6916 1.0
12031 3.0
9499 8.0
7592 1.0
6162 5.0
8585 1.0
19387 2.0
16806 1.0
25569 1.0
18216 4.0
14012 1.0
12456 5.0
4642 2.0
4138 3.0
4543 1.0
2956 3.0
6991 2.0
2968 5.0
27776 1.0
15265 1.0
7716 1.0
5289 1.0
2658 1.0
5025 7.0
7906 5.0
6087 3.0
10109 1.0
3488 2.0
15855 1.0
2933 4.0
3484 1.0
3352 1.0
9936 4.0
12992 1.0
16475 1.0
15836 1.0
14269 1.0
6681 2.0
22827 1.0
8193 1.0
16880 1.0
3937 6.0
8094 10.0
4726 3.0
17595 1.0
21091 1.0
22712 1.0
4629 1.0
17607 1.0
2582 3.0
10245 1.0
5655 2.0
22041 1.0
25773 1.0
2381 5.0
7882 5.0
7292 4.0
4684 7.0
13405 1.0
9224 4.0
13777 1.0
3819 5.0
10857 2.0
6454 3.0
5856 1.0
11709 2.0
5646 11.0
13931 1.0
7820 1.0
10861 4.0
5134 5.0
22012 1.0
24798 2.0
24475 1.0
19699 14.0
9013 9.0
15734 1.0
5682 1.0
2650 22.0
4394 4.0
13599 2.0
5606 1.0
24923 1.0
22963 1.0
4609 2.0
5064 3.0
2154 11.0
3204 5.0
10629 4.0
5104 9.0
2439 4.0
18433 1.0
26337 2.0
8275 2.0
7777 4.0
8203 4.0
3978 5.0
10266 1.0
4664 4.0
26247 1.0
3823 5.0
18157 1.0
2347 4.0
2356 6.0
21415 3.0
4749 1.0
23499 4.0
4974 1.0
3371 4.0
2274 2.0
22407 3.0
4029 1.0
19481 4.0
4702 20.0
2817 1.0
4816 1.0
4355 2.0
14545 8.0
22723 3.0
4973 1.0
9897 1.0
8254 2.0
19262 1.0
5001 1.0
19217 1.0
10938 1.0
4946 1.0
11631 2.0
25311 2.0
14376 1.0
5560 2.0
20253 1.0
16678 1.0
2423 8.0
1574 1.0
6448 1.0
13757 1.0
3198 6.0
4633 1.0
4826 1.0
3984 16.0
14862 1.0
5126 2.0
16789 1.0
5689 1.0
2208 2.0
24013 1.0
8827 1.0
11566 1.0
18684 1.0
3207 6.0
9067 1.0
2601 1.0
2417 8.0
2199 4.0
3138 9.0
9402 1.0
6146 2.0
3590 2.0
27507 3.0
2463 1.0
3770 3.0
8458 3.0
11896 2.0
9594 1.0
15061 1.0
2594 6.0
19706 2.0
2993 12.0
15078 2.0
3716 3.0
6011 2.0
29294 1.0
2791 2.0
2093 4.0
13507 2.0
4277 1.0
2166 7.0
16644 1.0
8811 2.0
10957 1.0
6763 1.0
1059 6.0
10628 2.0
13883 1.0
4872 1.0
24203 1.0
4784 2.0
18414 1.0
18413 4.0
18606 1.0
2812 3.0
5995 3.0
14388 1.0
19563 1.0
3508 9.0
10697 3.0
16268 3.0
12532 3.0
4648 1.0
8845 1.0
28369 1.0
7778 2.0
2755 4.0
5363 2.0
21893 3.0
4216 9.0
12455 2.0
2267 10.0
2493 2.0
4981 1.0
6370 1.0
5072 1.0
24481 1.0
2110 4.0
7715 1.0
15399 1.0
20177 2.0
9732 1.0
5527 3.0
3001 3.0
12046 1.0
16120 1.0
4737 3.0
5128 4.0
18259 1.0
4278 3.0
4374 7.0
14340 1.0
22477 1.0
3315 1.0
9539 1.0
10163 1.0
2937 1.0
16092 1.0
18436 1.0
5176 4.0
2922 2.0
4231 1.0
5943 1.0
18501 1.0
2300 1.0
3534 1.0
4153 1.0
5382 1.0
17881 1.0
18411 3.0
2779 1.0
3438 3.0
6057 3.0
14672 1.0
14277 4.0
3270 5.0
3609 2.0
4114 3.0
3316 3.0
3066 5.0
8866 1.0
20699 1.0
19287 3.0
2522 5.0
6508 2.0
15516 1.0
3131 2.0
15975 1.0
17844 1.0
4321 1.0
4083 2.0
7978 5.0
6814 1.0
2685 3.0
10250 1.0
10050 1.0
10320 1.0
28268 1.0
12760 1.0
2431 2.0
15495 2.0
4824 1.0
8321 3.0
9294 2.0
9440 1.0
2413 1.0
15174 2.0
18539 1.0
14230 1.0
5148 1.0
12899 1.0
7137 1.0
2186 1.0
6747 2.0
6315 1.0
22090 4.0
2533 1.0
4311 2.0
3477 3.0
27171 1.0
23760 4.0
13767 7.0
10507 4.0
16782 1.0
6460 1.0
7962 2.0
6784 1.0
26493 1.0
10258 1.0
26291 1.0
19716 2.0
7336 1.0
13122 3.0
19341 5.0
9148 9.0
11927 6.0
5385 1.0
6662 3.0
7416 2.0
13900 2.0
5174 1.0
21031 1.0
29109 4.0
4215 7.0
19498 1.0
17369 1.0
6299 5.0
11774 4.0
3917 4.0
13535 1.0
25230 1.0
24291 6.0
5714 2.0
10814 1.0
9739 1.0
2884 5.0
20544 3.0
11287 4.0
5495 2.0
3413 3.0
4137 3.0
2349 6.0
9163 1.0
4084 9.0
12157 1.0
2633 7.0
23911 2.0
6310 2.0
2258 1.0
2362 4.0
7442 3.0
1520 1.0
4675 1.0
14663 2.0
5399 6.0
7545 2.0
7483 1.0
5596 2.0
21504 2.0
16649 2.0
14268 7.0
3468 8.0
2176 2.0
13384 1.0
2297 5.0
5511 2.0
5841 1.0
11383 4.0
2447 4.0
15464 3.0
2975 3.0
7221 1.0
3461 1.0
2464 5.0
8832 1.0
5973 8.0
3310 4.0
8133 1.0
7604 7.0
16137 1.0
7077 3.0
6687 9.0
10328 2.0
10939 2.0
8000 7.0
11661 1.0
3098 3.0
9869 3.0
19362 4.0
10371 6.0
2545 12.0
14962 1.0
3378 5.0
11687 1.0
4130 7.0
25879 2.0
5668 1.0
14540 5.0
2923 3.0
3008 3.0
19701 3.0
7117 3.0
6182 2.0
6199 3.0
12571 1.0
5539 2.0
3998 1.0
8370 4.0
19321 5.0
3089 6.0
9381 1.0
19172 2.0
16409 5.0
2319 3.0
9905 2.0
13764 5.0
12045 2.0
6021 2.0
2936 12.0
12317 3.0
6723 3.0
3899 3.0
3388 4.0
11179 3.0
8378 3.0
3156 6.0
28213 3.0
15474 3.0
15069 1.0
9289 4.0
20850 4.0
8684 3.0
2273 3.0
18655 2.0
10172 5.0
21296 2.0
8586 12.0
3233 3.0
10459 2.0
26056 1.0
3394 1.0
7632 1.0
5507 1.0
3356 7.0
3651 2.0
4660 2.0
4567 1.0
4445 1.0
17156 1.0
3067 8.0
6578 1.0
4242 4.0
7901 7.0
10539 3.0
5651 5.0
6630 1.0
15832 1.0
4724 1.0
6694 6.0
22930 1.0
5358 4.0
7840 5.0
16923 1.0
29537 1.0
19723 1.0
10077 1.0
8267 2.0
20811 1.0
8440 3.0
17776 1.0
6851 4.0
25095 3.0
3954 6.0
20578 5.0
17552 1.0
5834 4.0
9789 1.0
5574 1.0
24755 1.0
4641 1.0
14932 5.0
12901 1.0
9247 3.0
10780 2.0
7834 5.0
15664 10.0
17908 9.0
24090 1.0
21252 1.0
4198 4.0
4902 3.0
3693 14.0
2451 8.0
4279 1.0
10114 3.0
11387 1.0
16048 2.0
23777 1.0
22610 1.0
6017 1.0
13558 2.0
2363 15.0
11323 1.0
4696 5.0
3880 4.0
4496 1.0
13699 4.0
24759 3.0
5383 5.0
26381 1.0
2787 4.0
7659 1.0
2397 2.0
5190 3.0
5035 1.0
2286 8.0
3433 4.0
4817 1.0
3904 6.0
3893 1.0
22086 2.0
15991 6.0
6343 1.0
10739 2.0
11961 1.0
13590 2.0
22740 1.0
14573 1.0
7869 1.0
21397 8.0
8322 1.0
5051 1.0
11246 1.0
12502 1.0
14925 1.0
4452 2.0
3078 4.0
4282 3.0
7236 1.0
15365 2.0
2382 1.0
2403 4.0
8944 2.0
3732 3.0
12421 2.0
18394 6.0
3374 6.0
28616 1.0
2967 11.0
28017 2.0
10415 2.0
6342 4.0
26775 9.0
20755 2.0
13964 1.0
7709 1.0
17058 2.0
21945 1.0
2686 7.0
17316 1.0
22571 9.0
10222 2.0
2908 2.0
11020 2.0
10472 1.0
15002 3.0
10802 1.0
23806 1.0
8095 1.0
29323 3.0
5068 3.0
16865 1.0
15275 1.0
29204 1.0
5608 2.0
5739 1.0
2648 7.0
3627 2.0
17736 8.0
6806 3.0
2284 13.0
5652 1.0
14117 2.0
17727 1.0
22648 2.0
14656 1.0
3485 1.0
4570 1.0
3176 7.0
27425 1.0
15077 2.0
19738 2.0
21408 2.0
16671 2.0
12459 1.0
24087 3.0
24647 1.0
4298 2.0
13566 2.0
28667 9.0
9236 6.0
14547 5.0
18307 1.0
5776 2.0
10578 1.0
26632 2.0
17712 1.0
16703 3.0
13728 1.0
6559 1.0
20492 1.0
5666 2.0
27921 1.0
3695 7.0
16363 1.0
13380 1.0
4213 2.0
22868 7.0
2299 4.0
20316 1.0
5757 1.0
5890 3.0
28712 1.0
10587 1.0
6121 2.0
28719 1.0
3805 4.0
22994 3.0
17716 1.0
9215 2.0
8572 2.0
5217 3.0
12247 1.0
3988 4.0
3535 1.0
15416 1.0
2649 2.0
5379 1.0
15103 1.0
9186 1.0
5060 3.0
6453 1.0
8134 2.0
25016 2.0
6581 4.0
4555 5.0
3532 1.0
16042 1.0
3319 2.0
10695 1.0
7363 1.0
15252 1.0
9469 3.0
14841 2.0
5187 2.0
16147 2.0
4732 1.0
14518 1.0
3390 2.0
3748 2.0
17965 1.0
2552 1.0
18886 2.0
23559 1.0
4450 2.0
7142 1.0
12273 4.0
4685 1.0
8093 2.0
27296 2.0
15224 1.0
7534 2.0
4986 4.0
14387 1.0
9102 4.0
12264 1.0
18223 2.0
3825 7.0
18584 3.0
23259 1.0
4926 1.0
25540 1.0
18150 2.0
7588 9.0
2687 1.0
6153 4.0
16906 1.0
11984 1.0
16487 2.0
6176 1.0
4363 3.0
22634 1.0
4092 1.0
4677 1.0
3170 1.0
9785 1.0
23809 2.0
3179 3.0
3407 2.0
7011 4.0
18178 1.0
4127 6.0
20156 2.0
3956 1.0
6836 1.0
27630 1.0
2762 2.0
2368 4.0
3976 4.0
13169 3.0
3727 4.0
6762 4.0
5864 2.0
25516 1.0
14924 2.0
4818 2.0
2103 1.0
2867 2.0
5241 3.0
4080 1.0
18245 2.0
9475 1.0
11477 1.0
15182 1.0
2904 6.0
6229 1.0
7650 3.0
3756 1.0
22061 1.0
4039 2.0
26765 1.0
3110 1.0
14301 1.0
8980 1.0
23056 8.0
7799 12.0
7842 3.0
10736 4.0
6585 1.0
19848 1.0
19821 1.0
10958 1.0
27166 1.0
2124 4.0
4469 7.0
4292 6.0
3832 3.0
26221 1.0
5547 5.0
4515 1.0
2799 4.0
10892 1.0
13050 1.0
6866 6.0
15194 1.0
18351 15.0
4509 2.0
12722 1.0
9766 1.0
16655 2.0
2854 4.0
6058 1.0
14600 1.0
4987 1.0
22035 3.0
2527 4.0
4236 7.0
5219 1.0
11654 1.0
8238 1.0
3985 1.0
3755 1.0
4958 1.0
29122 1.0
21673 1.0
6043 1.0
7871 1.0
8945 1.0
13542 1.0
5260 2.0
2449 2.0
2780 2.0
3237 1.0
13446 1.0
8146 1.0
11265 1.0
10711 1.0
4263 2.0
23467 3.0
23235 3.0
15266 7.0
3403 3.0
3538 2.0
4150 2.0
24805 1.0
4843 1.0
7790 5.0
6410 3.0
4806 1.0
4458 1.0
12723 1.0
6882 2.0
3345 2.0
2775 2.0
9002 2.0
5881 1.0
5441 1.0
4736 1.0
8498 2.0
3960 1.0
3630 5.0
19673 1.0
24871 1.0
7678 1.0
24394 1.0
24695 1.0
2921 2.0
6919 2.0
15929 1.0
16594 1.0
24545 1.0
6335 2.0
8486 1.0
10556 1.0
17386 1.0
4991 1.0
16987 1.0
2776 3.0
3950 1.0
5494 2.0
6583 1.0
16961 1.0
2949 3.0
29486 1.0
6550 1.0
4041 2.0
16172 1.0
9152 1.0
2455 1.0
20785 1.0
4270 1.0
3276 1.0
3452 2.0
3082 3.0
6194 1.0
7851 1.0
10147 1.0
9041 3.0
5991 1.0
13843 2.0
2777 1.0
13138 1.0
12939 2.0
9556 1.0
6561 2.0
22081 1.0
2912 1.0
7295 1.0
4224 2.0
23460 1.0
5121 2.0
19150 16.0
8107 1.0
4106 1.0
5246 5.0
7812 2.0
8604 1.0
17453 1.0
2665 2.0
24679 1.0
12237 4.0
8969 1.0
9651 4.0
6572 1.0
8552 3.0
20242 1.0
4771 1.0
2373 3.0
14590 1.0
14469 2.0
3686 2.0
14621 1.0
14021 4.0
15628 3.0
11266 2.0
4949 13.0
29347 3.0
3449 2.0
14134 3.0
4226 4.0
6439 4.0
15389 1.0
2504 2.0
15212 1.0
10036 3.0
13427 1.0
19067 4.0
22139 1.0
4356 1.0
5457 1.0
4700 1.0
6191 1.0
24594 1.0
4955 1.0
6036 1.0
16710 1.0
12731 4.0
25301 3.0
9546 1.0
26352 1.0
7982 1.0
5107 2.0
2996 1.0
3576 1.0
12719 2.0
4848 1.0
3383 5.0
20000 1.0
3561 2.0
4098 1.0
24839 1.0
20760 1.0
8950 1.0
5796 4.0
2869 1.0
3454 3.0
10875 1.0
16356 3.0
23818 3.0
6040 2.0
3891 3.0
7827 2.0
2646 2.0
14764 2.0
18315 3.0
18117 1.0
27059 3.0
8539 3.0
26935 1.0
4858 9.0
4423 2.0
7955 1.0
15637 1.0
15142 1.0
8026 4.0
3515 3.0
3714 1.0
20118 2.0
6737 2.0
7158 1.0
11522 2.0
10592 1.0
13100 1.0
3968 1.0
18079 1.0
2866 1.0
6187 3.0
10424 1.0
21766 1.0
17953 1.0
9686 1.0
23689 1.0
4998 3.0
5837 2.0
6392 2.0
24554 1.0
10865 1.0
9353 1.0
21859 1.0
16306 1.0
5144 2.0
4141 1.0
11190 1.0
5484 2.0
9527 3.0
8113 3.0
3076 9.0
7237 11.0
4498 12.0
7807 2.0
16663 3.0
19237 1.0
6517 1.0
2934 2.0
8775 1.0
7284 1.0
22166 1.0
25963 1.0
6148 1.0
14743 1.0
13523 1.0
25500 1.0
7399 1.0
11380 2.0
5352 1.0
14306 1.0
3798 2.0
7335 1.0
11812 1.0
28205 1.0
2082 4.0
4707 1.0
12463 1.0
9095 2.0
18432 1.0
19456 1.0
15943 1.0
2159 1.0
7772 1.0
4280 1.0
6364 2.0
3659 1.0
26989 1.0
3401 4.0
9529 1.0
10580 1.0
8853 1.0
28024 2.0
3465 2.0
5293 1.0
2422 1.0
8400 1.0
22074 3.0
3500 2.0
5312 1.0
22806 1.0
7496 2.0
4588 1.0
7178 1.0
4553 6.0
3938 1.0
5079 1.0
9361 4.0
11880 1.0
11227 1.0
1516 2.0
11379 1.0
2919 4.0
20679 1.0
12191 2.0
4257 1.0
7166 1.0
10848 1.0
3139 1.0
12200 2.0
6826 1.0
3807 2.0
18935 1.0
14255 1.0
21531 1.0
16203 1.0
22762 1.0
3259 4.0
7046 2.0
3039 2.0
25531 2.0
2429 7.0
28247 1.0
9578 2.0
7936 2.0
11371 2.0
11749 2.0
12711 2.0
8269 2.0
24104 3.0
14000 2.0
7902 3.0
7034 1.0
19258 1.0
3423 3.0
23640 1.0
14997 3.0
13445 1.0
7281 1.0
12256 2.0
6774 1.0
30108 1.0
9073 1.0
11075 1.0
10763 2.0
17841 2.0
12362 1.0
15250 3.0
20413 2.0
24095 1.0
16260 1.0
3486 1.0
6185 1.0
28756 3.0
12115 3.0
7541 3.0
6840 1.0
10438 1.0
11899 3.0
14010 1.0
21486 2.0
2459 1.0
12093 2.0
24837 1.0
16387 1.0
10654 1.0
2474 1.0
19646 1.0
8525 2.0
2324 1.0
6390 2.0
7528 3.0
5791 2.0
20884 2.0
4464 1.0
19235 1.0
6445 1.0
4891 1.0
4417 6.0
20410 1.0
2872 3.0
12641 1.0
22210 5.0
22316 4.0
13047 1.0
2520 1.0
4027 1.0
5875 3.0
5493 3.0
23194 2.0
11589 2.0
2819 3.0
5836 2.0
11234 2.0
10426 1.0
11914 1.0
21748 1.0
3083 3.0
5824 2.0
19540 1.0
22441 1.0
28903 2.0
10197 1.0
13727 1.0
4136 4.0
2227 2.0
13260 2.0
5138 2.0
21759 1.0
7088 1.0
4906 3.0
4717 1.0
2907 7.0
2638 2.0
16437 5.0
3040 1.0
2491 4.0
4088 1.0
14163 2.0
7096 2.0
19224 2.0
11506 1.0
3469 3.0
5254 1.0
9297 1.0
12832 3.0
7607 1.0
3365 1.0
4297 3.0
9826 1.0
18098 1.0
11444 1.0
17271 1.0
22498 1.0
16780 1.0
3962 3.0
20302 1.0
23274 1.0
5599 1.0
13999 1.0
23217 1.0
12563 2.0
7753 1.0
6830 1.0
22796 1.0
7039 1.0
17993 1.0
14343 1.0
13806 2.0
15502 1.0
5327 2.0
4162 1.0
10196 2.0
16984 1.0
21839 1.0
5931 2.0
12170 5.0
14773 5.0
11091 2.0
2470 1.0
6288 1.0
3329 2.0
5204 2.0
4866 1.0
15380 4.0
4366 2.0
6352 1.0
4513 1.0
15327 1.0
20069 2.0
4163 1.0
12184 1.0
3217 1.0
20564 1.0
22921 3.0
14413 1.0
3111 2.0
8951 1.0
24751 1.0
3601 4.0
14528 1.0
25818 1.0
20356 1.0
2722 1.0
4217 3.0
17794 1.0
3133 1.0
2999 2.0
12542 1.0
12798 1.0
12435 1.0
17683 1.0
7065 4.0
3151 1.0
4500 2.0
4838 1.0
5257 1.0
9896 3.0
4338 1.0
9646 1.0
16593 1.0
7017 1.0
19008 1.0
8849 1.0
2927 2.0
8385 3.0
13228 1.0
3382 2.0
4237 1.0
9700 1.0
9770 1.0
3132 4.0
5114 1.0
11924 4.0
11640 1.0
5852 3.0
8108 1.0
3376 2.0
2399 2.0
17788 1.0
5430 3.0
3228 2.0
19810 2.0
5807 2.0
23977 1.0
5341 1.0
13855 1.0
6348 1.0
10489 1.0
2894 3.0
6086 2.0
21677 2.0
3197 1.0
26419 1.0
2461 2.0
4117 1.0
5901 1.0
27430 11.0
14408 8.0
3258 8.0
7374 1.0
2394 3.0
22402 1.0
11594 1.0
8225 1.0
28599 2.0
5415 1.0
19279 2.0
4244 1.0
22752 1.0
19863 1.0
4197 2.0
6691 1.0
4541 1.0
23842 2.0
26230 1.0
21053 1.0
5034 6.0
29292 2.0
3900 1.0
24700 2.0
15878 1.0
19658 2.0
9626 1.0
3666 3.0
3185 6.0
9468 1.0
5185 1.0
10532 1.0
16257 2.0
23743 1.0
9033 1.0
3314 3.0
13661 2.0
16222 1.0
12407 1.0
8878 2.0
7849 2.0
6807 3.0
17373 1.0
6524 1.0
2659 2.0
9470 2.0
5769 2.0
17419 1.0
5197 1.0
5468 8.0
7868 2.0
6225 1.0
4779 2.0
23325 4.0
14949 3.0
22893 1.0
16344 2.0
4757 2.0
6039 2.0
29602 2.0
8743 2.0
14756 1.0
7176 1.0
17157 1.0
17974 1.0
26928 1.0
2769 2.0
2824 6.0
24582 4.0
9046 1.0
5798 2.0
2994 4.0
2896 4.0
3227 5.0
25897 2.0
3103 1.0
8286 1.0
5819 1.0
22889 1.0
3264 1.0
14639 2.0
9709 1.0
4468 1.0
14203 1.0
5733 3.0
11045 2.0
16022 1.0
15778 1.0
17254 1.0
17708 1.0
16058 1.0
17214 2.0
27000 1.0
6865 15.0
12166 15.0
3107 1.0
12849 2.0
15202 1.0
8567 1.0
4071 1.0
23545 1.0
16778 1.0
11231 1.0
9776 2.0
16818 1.0
6183 2.0
4144 2.0
7245 4.0
4072 2.0
6090 2.0
7818 1.0
5993 2.0
20706 1.0
5376 2.0
12321 1.0
3080 6.0
4867 2.0
2639 1.0
20519 1.0
23472 2.0
5056 2.0
3567 2.0
4261 1.0
7271 1.0
2466 1.0
8851 1.0
4861 1.0
3543 2.0
13316 3.0
9245 1.0
11873 2.0
26663 1.0
12997 2.0
2406 5.0
10788 1.0
16324 2.0
7874 1.0
23858 1.0
13871 1.0
4748 3.0
28139 2.0
8584 1.0
4747 2.0
3915 2.0
9333 2.0
16428 1.0
4964 1.0
10575 1.0
12259 1.0
27103 3.0
9203 1.0
5716 1.0
4418 2.0
2415 1.0
5248 1.0
3251 5.0
15665 3.0
27885 2.0
25171 1.0
12002 1.0
27663 1.0
6804 2.0
7864 1.0
8706 1.0
2369 2.0
3596 2.0
2883 1.0
11377 1.0
2784 1.0
20974 1.0
6684 1.0
25331 4.0
14019 1.0
11867 1.0
3820 1.0
13735 1.0
2231 1.0
7457 1.0
5013 1.0
15657 1.0
4763 1.0
9457 2.0
26136 5.0
14505 5.0
1002 11.0
8357 1.0
23496 1.0
7789 1.0
3200 1.0
12458 1.0
21970 1.0
13529 2.0
5387 4.0
27280 3.0
17053 2.0
3404 5.0
26021 1.0
22616 3.0
17387 1.0
2750 3.0
8046 1.0
8430 2.0
9480 1.0
22434 1.0
9537 2.0
8915 2.0
3095 1.0
3889 1.0
4829 1.0
21250 1.0
9449 1.0
14451 2.0
4632 4.0
15370 4.0
6037 2.0
4652 2.0
6230 2.0
2201 5.0
19004 2.0
6610 4.0
28855 2.0
12818 1.0
18939 5.0
11460 1.0
26651 1.0
2640 3.0
21500 1.0
11336 1.0
4563 1.0
17503 1.0
4550 1.0
9595 1.0
7532 2.0
7274 1.0
18418 1.0
2666 2.0
27187 1.0
24170 1.0
10118 1.0
11568 1.0
17043 1.0
13693 1.0
9584 2.0
19184 2.0
14193 5.0
13327 1.0
22313 4.0
26223 1.0
10122 2.0
4971 1.0
4892 1.0
2723 1.0
8496 2.0
10755 2.0
27074 1.0
14428 1.0
27487 1.0
8591 1.0
22582 1.0
19927 1.0
23238 1.0
21711 1.0
15422 1.0
25526 1.0
16200 2.0
22299 1.0
7542 1.0
13465 1.0
14287 1.0
21338 3.0
17695 1.0
21906 1.0
24918 1.0
7559 1.0
23865 2.0
6633 2.0
16665 1.0
16790 1.0
9285 1.0
13512 1.0
13808 1.0
10609 1.0
8671 1.0
13578 1.0
15987 1.0
22414 1.0
10322 2.0
11374 1.0
24051 2.0
3670 1.0
7566 1.0
13509 1.0
28879 1.0
24829 1.0
8724 1.0
15147 1.0
4159 1.0
4050 1.0
3460 1.0
5481 1.0
20500 1.0
6421 1.0
5766 2.0
2343 1.0
4074 1.0
22920 1.0
4681 1.0
16068 2.0
23628 1.0
15407 1.0
16576 3.0
4042 1.0
10334 1.0
6061 1.0
4863 1.0
15095 1.0
5487 1.0
2630 2.0
3813 1.0
4121 1.0
2537 1.0
5580 1.0
9146 1.0
4792 1.0
14676 1.0
1583 1.0
11089 1.0
5156 1.0
8840 3.0
26018 1.0
16884 1.0
9052 1.0
10882 1.0
2385 2.0
4185 1.0
5986 1.0
6275 1.0
9992 1.0
15215 1.0
23307 1.0
2628 2.0
8468 2.0
6430 2.0
19012 2.0
10340 1.0
21304 1.0
25309 7.0
8797 4.0
24930 2.0
2268 2.0
4188 1.0
28967 2.0
6292 1.0
27601 1.0
8536 2.0
7630 1.0
26838 1.0
10015 1.0
2281 1.0
23303 1.0
19940 2.0
4647 1.0
23169 1.0
2932 1.0
3647 2.0
8394 1.0
6959 1.0
27454 1.0
2358 1.0
7911 2.0
7616 1.0
21969 1.0
3177 1.0
6588 1.0
3183 2.0
22507 1.0
8280 1.0
3617 1.0
7780 1.0
9891 1.0
5115 1.0
24568 1.0
6979 1.0
14691 1.0
6718 2.0
5381 1.0
10851 1.0
20563 1.0
11957 1.0
9352 3.0
8645 1.0
10255 2.0
9631 1.0
8990 1.0
24562 1.0
5918 2.0
13970 1.0
12269 1.0
22110 1.0
5886 1.0
4766 1.0
23579 1.0
14161 1.0
28258 1.0
28346 1.0
17219 1.0
11445 1.0
13338 1.0
22333 1.0
5782 1.0
8599 1.0
13434 1.0
8817 1.0
11771 1.0
16801 2.0
7193 1.0
29243 1.0
5448 1.0
6110 1.0
8776 1.0
14776 1.0
21452 1.0
5452 4.0
6860 1.0
5843 1.0
7243 1.0
11519 1.0
11194 1.0
5426 3.0
13936 1.0
24369 1.0
9104 1.0
2905 1.0
8821 1.0
6748 1.0
3005 2.0
17785 1.0
3375 2.0
3292 6.0
2816 1.0
12433 1.0
8343 2.0
20070 2.0
3450 1.0
4254 1.0
7879 2.0
2511 1.0
3116 10.0
20160 1.0
10362 3.0
13225 1.0
2778 2.0
24608 2.0
28518 2.0
22779 1.0
5347 1.0
6374 1.0
6295 3.0
6010 2.0
19400 3.0
8103 1.0
12422 1.0
26154 1.0
5224 1.0
19426 1.0
16599 1.0
11027 1.0
2316 1.0
5389 1.0
3446 1.0
4293 1.0
6551 1.0
14872 1.0
8021 1.0
7052 1.0
3740 1.0
5685 2.0
13701 1.0
2088 3.0
7432 1.0
5119 1.0
24555 1.0
10019 1.0
13621 1.0
3034 1.0
4549 1.0
23755 1.0
24237 1.0
15564 1.0
27079 1.0
15909 1.0
17710 2.0
10649 1.0
4022 2.0
14968 1.0
9906 1.0
7316 1.0
10124 1.0
19229 1.0
4212 1.0
14025 1.0
25177 1.0
14879 1.0
9804 1.0
14087 1.0
22574 1.0
5537 10.0
16403 10.0
3669 1.0
16329 1.0
10466 1.0
17917 1.0
13180 1.0
6562 1.0
5214 2.0
9805 1.0
11717 1.0
8529 2.0
5792 1.0
13065 1.0
18404 1.0
9032 2.0
8403 2.0
25292 1.0
12776 1.0
15873 1.0
21743 1.0
20672 5.0
3678 1.0
12090 1.0
10863 1.0
11570 1.0
18059 15.0
2557 6.0
2189 9.0
25880 1.0
11058 2.0
9259 3.0
16840 1.0
7079 1.0
3074 1.0
2774 4.0
7587 1.0
19066 1.0
13458 1.0
3324 3.0
4109 1.0
5959 2.0
3789 1.0
16958 1.0
2276 1.0
5366 1.0
2717 1.0
13005 1.0
11721 1.0
26322 1.0
6047 1.0
3703 2.0
7578 1.0
11541 1.0
17702 1.0
2981 1.0
4952 2.0
2963 1.0
8442 1.0
8235 2.0
4834 1.0
24151 1.0
8795 1.0
14001 1.0
21357 1.0
3162 2.0
6344 1.0
24026 1.0
2770 4.0
12883 1.0
6888 1.0
18624 1.0
12430 1.0
3100 1.0
11433 2.0
23769 1.0
18959 1.0
24387 1.0
6520 1.0
6834 1.0
13202 1.0
4718 1.0
2150 1.0
23563 1.0
23362 1.0
4440 2.0
6154 1.0
8363 1.0
16966 1.0
2379 2.0
18407 2.0
4950 1.0
29336 3.0
6431 1.0
2621 1.0
11314 1.0
13216 1.0
4079 1.0
7551 3.0
10667 1.0
20984 1.0
13288 1.0
8783 1.0
7957 2.0
2989 2.0
2484 1.0
6429 1.0
6686 1.0
4011 1.0
5220 1.0
5153 1.0
3093 1.0
6305 2.0
7352 1.0
28004 1.0
14520 1.0
23292 1.0
4853 1.0
14192 1.0
2535 1.0
27364 1.0
8635 1.0
11618 1.0
17542 1.0
3169 1.0
14171 1.0
9367 1.0
12943 1.0
26477 1.0
9255 3.0
7898 1.0
3618 1.0
26743 3.0
18462 1.0
16280 1.0
9323 1.0
9681 1.0
23561 1.0
5719 1.0
6267 1.0
2407 1.0
9413 2.0
19139 1.0
22144 1.0
5263 1.0
4415 1.0
7372 1.0
12702 1.0
15383 1.0
7922 1.0
7597 1.0
23205 1.0
4742 1.0
6118 3.0
4997 1.0
9363 1.0
8630 1.0
19380 2.0
3652 1.0
6735 2.0
13720 1.0
5005 1.0
25163 1.0
28547 1.0
22537 1.0
8257 1.0
19635 1.0
26426 1.0
8971 1.0
24240 1.0
5020 2.0
5449 15.0
6914 1.0
3021 1.0
12821 1.0
8082 1.0
15715 1.0
11403 1.0
23615 2.0
8077 1.0
11967 1.0
22718 1.0
16493 1.0
9832 1.0
5935 1.0
17002 1.0
4306 1.0
11913 3.0
3122 1.0
13718 1.0
23115 1.0
5745 1.0
2237 2.0
4692 1.0
20983 1.0
26328 1.0
6066 1.0
9759 1.0
2386 1.0
9979 1.0
3148 1.0
18458 1.0
8418 1.0
8865 1.0
3451 1.0
17424 1.0
4480 1.0
3604 3.0
15251 1.0
13500 1.0
7595 1.0
6414 1.0
18256 2.0
2152 1.0
29409 1.0
6322 1.0
7182 1.0
11514 1.0
5754 1.0
17287 1.0
28396 1.0
12158 1.0
3795 1.0
5755 1.0
22969 1.0
10263 1.0
13581 1.0
12125 1.0
4140 1.0
20110 2.0
10506 1.0
5521 1.0
6981 1.0
6643 1.0
20876 1.0
16791 1.0
16949 1.0
10838 1.0
3894 1.0
10841 1.0
8023 1.0
13746 1.0
20214 1.0
2233 1.0
3033 2.0
9708 1.0
27420 1.0
29147 2.0
2906 1.0
5428 1.0
26944 1.0
11230 1.0
13594 1.0
4439 3.0
3047 2.0
20101 2.0
12033 1.0
2614 2.0
20733 1.0
2538 1.0
25953 1.0
16761 1.0
18749 2.0
3540 1.0
18927 1.0
5558 1.0
23632 2.0
4246 2.0
8837 1.0
3155 1.0
6198 1.0
2454 1.0
7264 1.0
9496 1.0
10074 1.0
19342 1.0
5306 1.0
3124 3.0
3661 8.0
4108 1.0
6898 2.0
4269 1.0
5163 1.0
11149 1.0
5208 1.0
2388 1.0
5916 1.0
12334 1.0
4716 3.0
17879 2.0
16986 1.0
2611 3.0
5586 1.0
11835 2.0
22647 1.0
6668 1.0
2985 2.0
29225 1.0
3453 1.0
4797 1.0
5876 1.0
12697 1.0
6513 2.0
8457 1.0
2471 2.0
4146 2.0
17704 1.0
4562 1.0
12440 1.0
7476 1.0
4326 1.0
5976 1.0
3399 1.0
27150 1.0
3662 1.0
13215 1.0
22652 1.0
2409 1.0
5748 1.0
8415 1.0
5829 1.0
8074 1.0
6595 1.0
6706 1.0
23439 1.0
8290 2.0
19075 1.0
5722 1.0
20381 1.0
5043 1.0
21910 1.0
6822 1.0
14080 1.0
4635 2.0
6880 1.0
5464 2.0
5466 2.0
6603 1.0
3637 1.0
6407 12.0
2808 12.0
5691 12.0
15895 1.0
2643 1.0
5149 1.0
7337 1.0
13190 2.0
17768 1.0
2636 1.0
5444 1.0
26736 1.0
7537 1.0
2501 1.0
6966 1.0
11972 1.0
29521 1.0
17312 1.0
22264 1.0
3152 1.0
6480 1.0
24619 1.0
26895 1.0
18491 1.0
14289 1.0
4882 1.0
5469 1.0
3364 1.0
22375 1.0
5302 1.0
25929 1.0
10940 1.0
16429 1.0
6137 1.0
16962 1.0
16582 1.0
27788 1.0
15338 1.0
3079 1.0
3427 1.0
2542 1.0
13247 1.0
15117 1.0
10825 1.0
24381 1.0
3398 1.0
5157 1.0
12014 1.0
3709 1.0
29045 1.0
4148 1.0
10087 1.0
9689 1.0
2947 1.0
3726 1.0
25198 1.0
10209 1.0
6476 1.0
8342 1.0
16033 1.0
19080 1.0
4741 1.0
20104 1.0
3328 1.0
7127 1.0
7621 1.0
8246 1.0
27034 1.0
19555 12.0
3218 12.0
13232 1.0
10242 2.0
7163 1.0
12588 1.0
3701 1.0
4811 1.0
12098 1.0
5620 1.0
20014 1.0
19666 1.0
3517 1.0
15887 1.0
3638 1.0
19883 1.0
2513 1.0
2935 1.0
13435 1.0
5397 1.0
9541 2.0
13669 1.0
22578 2.0
14503 1.0
29165 1.0
23151 1.0
15315 1.0
5313 1.0
5743 1.0
4232 2.0
8377 1.0
27698 1.0
2915 1.0
3875 1.0
4508 1.0
24680 5.0
16367 1.0
8085 1.0
10785 1.0
5604 3.0
19062 1.0
24978 2.0
10224 1.0
4090 1.0
3092 1.0
28578 1.0
14088 1.0
4909 1.0
10060 1.0
7028 1.0
18452 1.0
7001 1.0
4788 1.0
15592 1.0
15810 1.0
6961 1.0
4502 1.0
11177 1.0
4018 1.0
9497 1.0
16378 2.0
26633 1.0
3888 1.0
6617 1.0
11302 2.0
14126 1.0
15488 1.0
25856 1.0
2462 1.0
19528 1.0
2255 1.0
12252 1.0
5058 1.0
4218 2.0
25782 1.0
8150 1.0
22943 1.0
21395 1.0
25592 1.0
18720 1.0
21999 2.0
11701 1.0
3623 1.0
9839 1.0
21812 1.0
20736 1.0
3520 2.0
23177 1.0
10903 2.0
3011 1.0
10824 1.0
19198 1.0
11702 2.0
4438 1.0
9231 1.0
5269 1.0
3926 1.0
8790 1.0
3973 1.0
7786 1.0
17371 1.0
13557 1.0
7118 1.0
14345 5.0
5353 1.0
13033 1.0
3788 3.0
28899 2.0
7826 2.0
19948 1.0
11920 1.0
8364 1.0
9123 1.0
7688 4.0
9621 1.0
2482 1.0
4373 1.0
4358 1.0
6712 1.0
3655 1.0
6484 1.0
17587 1.0
2414 1.0
7171 1.0
7599 1.0
3742 1.0
6671 1.0
3267 1.0
5761 1.0
7539 1.0
10659 1.0
5891 1.0
9883 1.0
15847 1.0
5661 1.0
11160 1.0
19836 1.0
25028 1.0
16985 1.0
5621 1.0
6972 1.0
27832 1.0
8814 1.0
18227 1.0
9762 1.0
5688 1.0
13495 1.0
19627 1.0
21146 1.0
17273 1.0
13792 1.0
16442 1.0
11109 1.0
9020 1.0
4772 1.0
19888 1.0
9910 1.0
13359 1.0
11454 4.0
8540 1.0
13476 1.0
6083 1.0
10760 1.0
23544 1.0
20515 1.0
